Webots Project File version R2023b
perspectives: 000000ff00000000fd00000002000000010000011c0000027cfc0200000001fb0000001400540065007800740045006400690074006f007201000000160000027c0000008800ffffff000000030000080000000196fc0100000001fb0000001a0043006f006e0073006f006c00650041006c006c0041006c006c0100000000000008000000006900ffffff000006e20000027c00000001000000020000000100000008fc00000000
simulationViewPerspectives: 000000ff00000001000000020000015a000005860100000002010000000101
sceneTreePerspectives: 000000ff00000001000000030000001c0000023f000000fa0100000002010000000201
minimizedPerspectives: 000000ff00000000fd0000000300000000000001ca0000039ffc0200000001fb00000012005300630065006e0065005400720065006501000000000000039f00000000000000000000000100000800000001d2fc0200000001fb0000001400540065007800740045006400690074006f00720100000016000001d20000003f00ffffff000000030000080000000240fc0100000002fb0000000e0043006f006e0073006f006c006501000001d0000005b00000000000000000fb0000001a0043006f006e0073006f006c00650041006c006c0041006c006c0100000000000008000000006900ffffff00000000000001d200000004000000040000000100000008fc00000000
maximizedDockId: -1
centralWidgetVisible: 1
orthographicViewHeight: 1
textFiles: 0 "controllers/robot_localization_8/robot_localization_8.cpp"
globalOptionalRendering: CameraFrustums
consoles: Console:All:All
renderingDevicePerspectives: e-puck:camera;1;0.820513;0;0
renderingDevicePerspectives: e-puck:my_camera;1;1.02734;0;0
